234 0.7785714285714286
252 0.7357142857142857
278 0.7285714285714285
17 0.7214285714285714
382 0.7142857142857143
39 0.7
291 0.7
314 0.6928571428571428
119 0.6857142857142858
10 0.6857142857142857
41 0.6857142857142857
160 0.6857142857142857
171 0.6857142857142857
324 0.6857142857142857
8 0.6785714285714286
96 0.6785714285714286
202 0.6785714285714286
355 0.6785714285714286
0 0.6714285714285715
272 0.6714285714285715
321 0.6714285714285715
408 0.6714285714285715
161 0.6714285714285714
363 0.6714285714285714
364 0.6714285714285714
54 0.6642857142857144
247 0.6571428571428573
409 0.6571428571428573
420 0.6571428571428573
1 0.6571428571428571
18 0.6571428571428571
193 0.6571428571428571
418 0.6571428571428571
70 0.65
199 0.65
254 0.65
386 0.65
245 0.6499999999999998
78 0.6428571428571429
88 0.6428571428571429
90 0.6428571428571429
141 0.6428571428571429
216 0.6428571428571429
218 0.6428571428571429
225 0.6428571428571429
304 0.6428571428571427
151 0.6357142857142859
12 0.6357142857142858
35 0.6357142857142858
110 0.6357142857142858
144 0.6357142857142858
191 0.6357142857142858
315 0.6357142857142858
343 0.6357142857142858
65 0.6357142857142856
79 0.6357142857142856
33 0.6285714285714287
72 0.6285714285714287
158 0.6285714285714287
267 0.6285714285714287
274 0.6285714285714287
356 0.6285714285714287
130 0.6285714285714284
334 0.6285714285714284
337 0.6285714285714284
24 0.6214285714285716
205 0.6214285714285716
227 0.6214285714285716
239 0.6214285714285716
394 0.6214285714285716
32 0.6214285714285713
84 0.6214285714285713
147 0.6214285714285713
157 0.6214285714285713
236 0.6214285714285713
308 0.6214285714285713
393 0.6214285714285713
401 0.6214285714285713
404 0.6214285714285713
411 0.6214285714285713
38 0.6142857142857144
162 0.6142857142857144
176 0.6142857142857144
306 0.6142857142857144
350 0.6142857142857144
20 0.6142857142857142
40 0.6142857142857142
57 0.6142857142857142
75 0.6142857142857142
95 0.6142857142857142
224 0.6142857142857142
301 0.6142857142857142
381 0.6142857142857142
399 0.6142857142857142
422 0.6142857142857142
13 0.6071428571428571
101 0.6071428571428571
108 0.6071428571428571
115 0.6071428571428571
120 0.6071428571428571
146 0.6071428571428571
184 0.6071428571428571
187 0.6071428571428571
189 0.6071428571428571
257 0.6071428571428571
276 0.6071428571428571
371 0.6071428571428571
376 0.6071428571428571
200 0.607142857142857
131 0.6000000000000002
67 0.6
77 0.6
89 0.6
124 0.6
138 0.6
178 0.6
179 0.6
194 0.6
197 0.6
277 0.6
344 0.6
398 0.6
423 0.6
429 0.6
111 0.5999999999999999
231 0.5999999999999999
60 0.5928571428571429
97 0.5928571428571429
260 0.5928571428571429
279 0.5928571428571429
380 0.5928571428571429
425 0.5928571428571429
7 0.5928571428571427
232 0.5928571428571427
372 0.5928571428571427
44 0.5857142857142857
93 0.5857142857142857
99 0.5857142857142857
132 0.5857142857142857
175 0.5857142857142857
240 0.5857142857142857
396 0.5857142857142857
9 0.5857142857142856
34 0.5857142857142856
122 0.5857142857142856
152 0.5857142857142856
156 0.5857142857142856
172 0.5857142857142856
292 0.5857142857142856
313 0.5857142857142856
333 0.5857142857142856
336 0.5857142857142856
361 0.5857142857142856
365 0.5857142857142856
419 0.5857142857142856
148 0.5785714285714286
195 0.5785714285714286
230 0.5785714285714286
359 0.5785714285714286
424 0.5785714285714286
42 0.5785714285714285
69 0.5785714285714285
107 0.5785714285714285
123 0.5785714285714285
159 0.5785714285714285
198 0.5785714285714285
237 0.5785714285714285
255 0.5785714285714285
258 0.5785714285714285
269 0.5785714285714285
326 0.5785714285714285
331 0.5785714285714285
354 0.5785714285714285
406 0.5785714285714285
23 0.5714285714285715
3 0.5714285714285714
22 0.5714285714285714
50 0.5714285714285714
87 0.5714285714285714
109 0.5714285714285714
117 0.5714285714285714
129 0.5714285714285714
149 0.5714285714285714
170 0.5714285714285714
180 0.5714285714285714
182 0.5714285714285714
256 0.5714285714285714
263 0.5714285714285714
299 0.5714285714285714
302 0.5714285714285714
323 0.5714285714285714
397 0.5714285714285714
85 0.5642857142857144
340 0.5642857142857144
49 0.5642857142857143
91 0.5642857142857143
139 0.5642857142857143
164 0.5642857142857143
174 0.5642857142857143
186 0.5642857142857143
196 0.5642857142857143
206 0.5642857142857143
207 0.5642857142857143
211 0.5642857142857143
215 0.5642857142857143
265 0.5642857142857143
280 0.5642857142857143
283 0.5642857142857143
317 0.5642857142857143
329 0.5642857142857143
346 0.5642857142857143
387 0.5642857142857143
415 0.5642857142857143
235 0.5571428571428573
6 0.5571428571428572
28 0.5571428571428572
52 0.5571428571428572
155 0.5571428571428572
167 0.5571428571428572
173 0.5571428571428572
213 0.5571428571428572
220 0.5571428571428572
286 0.5571428571428572
309 0.5571428571428572
316 0.5571428571428572
327 0.5571428571428572
352 0.5571428571428572
357 0.5571428571428572
377 0.5571428571428572
392 0.5571428571428572
412 0.5571428571428572
413 0.5571428571428572
125 0.557142857142857
362 0.557142857142857
43 0.55
45 0.55
61 0.55
94 0.55
140 0.55
145 0.55
154 0.55
246 0.55
251 0.55
330 0.55
368 0.55
378 0.55
384 0.55
428 0.55
26 0.5499999999999999
201 0.5499999999999999
242 0.5499999999999999
262 0.5499999999999999
305 0.5499999999999999
11 0.5428571428571429
29 0.5428571428571429
82 0.5428571428571429
100 0.5428571428571429
183 0.5428571428571429
219 0.5428571428571429
319 0.5428571428571429
414 0.5428571428571429
421 0.5428571428571429
103 0.5428571428571428
126 0.5428571428571428
128 0.5428571428571428
163 0.5428571428571428
169 0.5428571428571428
253 0.5428571428571428
275 0.5428571428571428
338 0.5428571428571428
349 0.5428571428571428
46 0.5357142857142858
47 0.5357142857142858
370 0.5357142857142858
25 0.5357142857142857
36 0.5357142857142857
53 0.5357142857142857
76 0.5357142857142857
112 0.5357142857142857
116 0.5357142857142857
208 0.5357142857142857
282 0.5357142857142857
284 0.5357142857142857
285 0.5357142857142857
289 0.5357142857142857
325 0.5357142857142857
416 0.5357142857142857
92 0.5285714285714287
266 0.5285714285714287
19 0.5285714285714286
31 0.5285714285714286
64 0.5285714285714286
86 0.5285714285714286
118 0.5285714285714286
135 0.5285714285714286
136 0.5285714285714286
143 0.5285714285714286
166 0.5285714285714286
223 0.5285714285714286
259 0.5285714285714286
281 0.5285714285714286
294 0.5285714285714286
310 0.5285714285714286
311 0.5285714285714286
332 0.5285714285714286
342 0.5285714285714286
390 0.5285714285714286
395 0.5285714285714286
407 0.5285714285714286
30 0.5214285714285715
37 0.5214285714285715
55 0.5214285714285715
56 0.5214285714285715
133 0.5214285714285715
177 0.5214285714285715
190 0.5214285714285715
210 0.5214285714285715
217 0.5214285714285715
250 0.5214285714285715
268 0.5214285714285715
271 0.5214285714285715
295 0.5214285714285715
312 0.5214285714285715
341 0.5214285714285715
388 0.5214285714285715
389 0.5214285714285715
427 0.5214285714285715
303 0.5214285714285714
307 0.5214285714285714
168 0.5142857142857143
192 0.5142857142857143
229 0.5142857142857143
241 0.5142857142857143
261 0.5142857142857143
273 0.5142857142857143
287 0.5142857142857143
335 0.5142857142857143
360 0.5142857142857143
375 0.5142857142857143
403 0.5142857142857143
59 0.5142857142857142
113 0.5142857142857142
150 0.5142857142857142
209 0.5142857142857142
221 0.5142857142857142
358 0.5142857142857142
181 0.5071428571428572
228 0.5071428571428572
238 0.5071428571428572
288 0.5071428571428572
367 0.5071428571428572
374 0.5071428571428572
15 0.5071428571428571
134 0.5071428571428571
137 0.5071428571428571
188 0.5071428571428571
293 0.5000000000000001
426 0.5000000000000001
21 0.5
165 0.5
185 0.5
290 0.5
297 0.5
300 0.5
347 0.5
402 0.5
68 0.49999999999999994
243 0.49999999999999994
5 0.4928571428571429
16 0.4928571428571429
51 0.4928571428571429
58 0.4928571428571429
105 0.4928571428571429
121 0.4928571428571429
298 0.4928571428571429
320 0.4928571428571429
417 0.4928571428571429
81 0.4928571428571428
322 0.4928571428571428
328 0.4928571428571428
153 0.48571428571428577
214 0.48571428571428577
66 0.4857142857142857
222 0.4857142857142857
373 0.4857142857142857
379 0.4857142857142857
226 0.47857142857142865
4 0.4785714285714286
14 0.4785714285714286
63 0.4785714285714286
104 0.4785714285714286
244 0.4785714285714286
270 0.4785714285714286
348 0.4785714285714286
264 0.47857142857142854
296 0.47857142857142854
391 0.47857142857142854
83 0.4714285714285714
383 0.4714285714285714
339 0.46428571428571436
203 0.4642857142857143
353 0.4642857142857143
385 0.4642857142857143
2 0.4571428571428572
27 0.4571428571428572
73 0.4571428571428572
106 0.4571428571428572
114 0.4571428571428572
127 0.4571428571428572
142 0.4571428571428572
431 0.4571428571428572
345 0.45714285714285713
71 0.45000000000000007
80 0.45000000000000007
233 0.45
62 0.44285714285714295
102 0.4428571428571429
212 0.4428571428571429
405 0.4428571428571429
74 0.4428571428571428
366 0.4428571428571428
98 0.4357142857142858
369 0.4357142857142858
318 0.43571428571428567
430 0.43571428571428567
410 0.42857142857142855
48 0.42142857142857143
204 0.4142857142857143
248 0.4142857142857143
351 0.4
249 0.39999999999999997
400 0.39285714285714285
