363 0.7785714285714286
234 0.7642857142857143
8 0.7571428571428571
291 0.7357142857142858
17 0.7142857142857143
130 0.7142857142857143
216 0.7071428571428572
382 0.7071428571428572
160 0.7000000000000001
252 0.6928571428571428
324 0.6928571428571428
394 0.6928571428571428
41 0.6857142857142858
88 0.6857142857142858
72 0.6857142857142857
225 0.6785714285714287
119 0.6785714285714286
144 0.6785714285714286
147 0.6785714285714286
247 0.6785714285714286
111 0.6785714285714285
6 0.6714285714285715
10 0.6714285714285715
218 0.6714285714285715
314 0.6714285714285715
393 0.6714285714285715
0 0.6642857142857144
75 0.6642857142857144
350 0.6642857142857144
357 0.6642857142857144
227 0.6642857142857143
329 0.6642857142857143
398 0.6571428571428573
84 0.6571428571428571
158 0.6571428571428571
162 0.6571428571428571
164 0.6571428571428571
265 0.6571428571428571
275 0.6571428571428571
195 0.6500000000000001
7 0.65
170 0.65
399 0.65
37 0.6428571428571429
45 0.6428571428571429
78 0.6428571428571429
125 0.6428571428571429
193 0.6428571428571429
304 0.6428571428571429
3 0.6357142857142858
54 0.6357142857142858
68 0.6357142857142858
171 0.6357142857142858
240 0.6357142857142858
245 0.6357142857142858
254 0.6357142857142858
279 0.6357142857142858
317 0.6357142857142858
418 0.6357142857142858
18 0.6357142857142856
59 0.6285714285714287
70 0.6285714285714287
100 0.6285714285714287
271 0.6285714285714287
380 0.6285714285714287
1 0.6285714285714284
38 0.6285714285714284
39 0.6285714285714284
230 0.6285714285714284
315 0.6285714285714284
132 0.6214285714285716
191 0.6214285714285716
274 0.6214285714285716
278 0.6214285714285716
354 0.6214285714285716
108 0.6214285714285713
166 0.6214285714285713
239 0.6214285714285713
340 0.6214285714285713
386 0.6214285714285713
425 0.6214285714285713
12 0.6142857142857144
28 0.6142857142857144
236 0.6142857142857144
321 0.6142857142857144
352 0.6142857142857144
67 0.6142857142857142
257 0.6142857142857142
299 0.6142857142857142
308 0.6142857142857142
349 0.6142857142857142
406 0.6142857142857142
420 0.6142857142857142
94 0.6071428571428573
35 0.6071428571428571
43 0.6071428571428571
50 0.6071428571428571
82 0.6071428571428571
115 0.6071428571428571
149 0.6071428571428571
194 0.6071428571428571
197 0.6071428571428571
222 0.6071428571428571
231 0.6071428571428571
272 0.6071428571428571
306 0.6071428571428571
224 0.6000000000000002
31 0.6
148 0.6
189 0.6
202 0.6
276 0.6
313 0.6
344 0.6
359 0.6
361 0.6
362 0.6
381 0.6
408 0.6
414 0.6
266 0.5999999999999999
86 0.5928571428571429
95 0.5928571428571429
110 0.5928571428571429
128 0.5928571428571429
309 0.5928571428571429
96 0.5928571428571427
124 0.5928571428571427
138 0.5928571428571427
139 0.5928571428571427
295 0.5928571428571427
397 0.5928571428571427
401 0.5928571428571427
404 0.5928571428571427
409 0.5928571428571427
421 0.5928571428571427
21 0.5857142857142857
44 0.5857142857142857
85 0.5857142857142857
151 0.5857142857142857
175 0.5857142857142857
207 0.5857142857142857
208 0.5857142857142857
285 0.5857142857142857
301 0.5857142857142857
407 0.5857142857142857
413 0.5857142857142857
42 0.5857142857142856
205 0.5857142857142856
235 0.5857142857142856
277 0.5857142857142856
284 0.5857142857142856
343 0.5857142857142856
355 0.5857142857142856
365 0.5857142857142856
371 0.5857142857142856
412 0.5857142857142856
20 0.5785714285714286
65 0.5785714285714286
179 0.5785714285714286
186 0.5785714285714286
159 0.5785714285714285
174 0.5785714285714285
177 0.5785714285714285
199 0.5785714285714285
283 0.5785714285714285
356 0.5785714285714285
422 0.5785714285714285
426 0.5785714285714285
34 0.5714285714285714
57 0.5714285714285714
87 0.5714285714285714
91 0.5714285714285714
99 0.5714285714285714
101 0.5714285714285714
105 0.5714285714285714
198 0.5714285714285714
201 0.5714285714285714
260 0.5714285714285714
326 0.5714285714285714
331 0.5714285714285714
342 0.5714285714285714
360 0.5714285714285714
364 0.5714285714285714
376 0.5714285714285714
417 0.5714285714285714
372 0.5642857142857144
90 0.5642857142857143
97 0.5642857142857143
107 0.5642857142857143
120 0.5642857142857143
165 0.5642857142857143
184 0.5642857142857143
200 0.5642857142857143
209 0.5642857142857143
251 0.5642857142857143
259 0.5642857142857143
261 0.5642857142857143
269 0.5642857142857143
294 0.5642857142857143
302 0.5642857142857143
310 0.5642857142857143
316 0.5642857142857143
383 0.5642857142857143
387 0.5642857142857143
428 0.5642857142857143
429 0.5642857142857143
303 0.5642857142857142
419 0.5571428571428573
5 0.5571428571428572
23 0.5571428571428572
56 0.5571428571428572
61 0.5571428571428572
103 0.5571428571428572
133 0.5571428571428572
136 0.5571428571428572
152 0.5571428571428572
206 0.5571428571428572
210 0.5571428571428572
215 0.5571428571428572
229 0.5571428571428572
242 0.5571428571428572
292 0.5571428571428572
293 0.5571428571428572
334 0.5571428571428572
337 0.5571428571428572
373 0.5571428571428572
392 0.5571428571428572
423 0.5571428571428572
196 0.557142857142857
237 0.557142857142857
60 0.55
79 0.55
137 0.55
157 0.55
173 0.55
182 0.55
188 0.55
286 0.55
370 0.55
11 0.5499999999999999
64 0.5499999999999999
66 0.5499999999999999
69 0.5499999999999999
241 0.5499999999999999
388 0.5499999999999999
32 0.5428571428571429
121 0.5428571428571429
141 0.5428571428571429
178 0.5428571428571429
267 0.5428571428571429
330 0.5428571428571429
19 0.5428571428571428
22 0.5428571428571428
117 0.5428571428571428
131 0.5428571428571428
140 0.5428571428571428
219 0.5428571428571428
333 0.5428571428571428
396 0.5428571428571428
402 0.5428571428571428
405 0.5428571428571428
185 0.5357142857142858
221 0.5357142857142858
367 0.5357142857142858
62 0.5357142857142857
77 0.5357142857142857
146 0.5357142857142857
153 0.5357142857142857
163 0.5357142857142857
167 0.5357142857142857
176 0.5357142857142857
183 0.5357142857142857
187 0.5357142857142857
217 0.5357142857142857
255 0.5357142857142857
323 0.5357142857142857
332 0.5357142857142857
154 0.5285714285714287
27 0.5285714285714286
40 0.5285714285714286
123 0.5285714285714286
129 0.5285714285714286
143 0.5285714285714286
155 0.5285714285714286
168 0.5285714285714286
258 0.5285714285714286
262 0.5285714285714286
305 0.5285714285714286
307 0.5285714285714286
311 0.5285714285714286
325 0.5285714285714286
347 0.5285714285714286
390 0.5285714285714286
427 0.5285714285714286
2 0.5214285714285715
29 0.5214285714285715
30 0.5214285714285715
47 0.5214285714285715
93 0.5214285714285715
172 0.5214285714285715
232 0.5214285714285715
238 0.5214285714285715
280 0.5214285714285715
296 0.5214285714285715
327 0.5214285714285715
346 0.5214285714285715
403 0.5214285714285715
411 0.5214285714285715
25 0.5142857142857143
36 0.5142857142857143
49 0.5142857142857143
74 0.5142857142857143
134 0.5142857142857143
169 0.5142857142857143
180 0.5142857142857143
270 0.5142857142857143
281 0.5142857142857143
282 0.5142857142857143
290 0.5142857142857143
320 0.5142857142857143
375 0.5142857142857143
378 0.5142857142857143
391 0.5142857142857143
9 0.5071428571428572
46 0.5071428571428572
109 0.5071428571428572
135 0.5071428571428572
150 0.5071428571428572
181 0.5071428571428572
228 0.5071428571428572
33 0.5071428571428571
55 0.5071428571428571
89 0.5071428571428571
161 0.5071428571428571
213 0.5071428571428571
223 0.5071428571428571
263 0.5071428571428571
268 0.5071428571428571
358 0.5071428571428571
52 0.5000000000000001
76 0.5000000000000001
81 0.5000000000000001
220 0.5000000000000001
16 0.5
24 0.5
48 0.5
53 0.5
80 0.5
102 0.5
211 0.5
248 0.5
250 0.5
287 0.5
366 0.5
374 0.5
13 0.49999999999999994
71 0.49999999999999994
233 0.49999999999999994
338 0.49999999999999994
116 0.49285714285714294
15 0.4928571428571429
58 0.4928571428571429
63 0.4928571428571429
122 0.4928571428571429
214 0.4928571428571429
298 0.4928571428571429
322 0.4928571428571429
336 0.4928571428571429
416 0.4928571428571429
424 0.4928571428571429
26 0.4928571428571428
203 0.4928571428571428
319 0.4928571428571428
389 0.4928571428571428
385 0.49285714285714277
112 0.48571428571428577
430 0.48571428571428577
212 0.4857142857142857
273 0.4857142857142857
335 0.4857142857142857
341 0.4857142857142857
14 0.47857142857142865
145 0.47857142857142865
297 0.47857142857142865
51 0.4785714285714286
226 0.4785714285714286
246 0.4785714285714286
256 0.4785714285714286
368 0.4785714285714286
395 0.4785714285714286
415 0.4785714285714286
318 0.47857142857142854
156 0.4714285714285715
244 0.4714285714285715
289 0.4714285714285715
300 0.4714285714285715
328 0.4714285714285715
92 0.4714285714285714
126 0.4714285714285714
288 0.4714285714285714
379 0.4714285714285714
384 0.4714285714285714
410 0.4714285714285714
192 0.46428571428571436
83 0.4642857142857143
190 0.4642857142857143
204 0.4642857142857143
253 0.4642857142857143
339 0.4642857142857143
118 0.4571428571428572
264 0.4571428571428572
345 0.4571428571428572
348 0.4571428571428572
377 0.4571428571428572
114 0.45714285714285713
351 0.45714285714285713
73 0.45000000000000007
312 0.45000000000000007
106 0.45
113 0.4499999999999999
369 0.4499999999999999
431 0.4428571428571428
249 0.4357142857142858
243 0.42857142857142866
104 0.42857142857142855
127 0.42857142857142855
353 0.42857142857142855
4 0.42142857142857143
98 0.4142857142857143
400 0.4142857142857143
142 0.40714285714285714
