234 0.7714285714285714
382 0.75
0 0.7428571428571429
17 0.7285714285714285
171 0.7142857142857143
78 0.692857142857143
277 0.692857142857143
363 0.692857142857143
40 0.6857142857142858
18 0.6857142857142857
324 0.6857142857142857
149 0.6785714285714286
160 0.6714285714285715
321 0.6714285714285715
399 0.6714285714285714
75 0.6642857142857144
99 0.6642857142857144
202 0.6642857142857144
252 0.6642857142857144
344 0.6642857142857144
79 0.6642857142857143
242 0.6642857142857143
125 0.6571428571428573
10 0.6571428571428571
111 0.6500000000000001
272 0.6500000000000001
352 0.6500000000000001
422 0.6500000000000001
39 0.65
50 0.65
138 0.65
224 0.65
231 0.65
245 0.65
349 0.65
360 0.65
380 0.65
8 0.6428571428571429
41 0.6428571428571429
152 0.6428571428571429
192 0.6428571428571429
193 0.6428571428571429
215 0.6428571428571429
262 0.6428571428571429
291 0.6428571428571429
354 0.6428571428571429
419 0.6357142857142859
35 0.6357142857142858
210 0.6357142857142858
308 0.6357142857142858
425 0.6357142857142858
427 0.6357142857142858
65 0.6357142857142856
130 0.6357142857142856
350 0.6357142857142856
9 0.6285714285714287
44 0.6285714285714287
90 0.6285714285714287
100 0.6285714285714287
108 0.6285714285714287
139 0.6285714285714287
144 0.6285714285714287
381 0.6285714285714287
3 0.6285714285714284
240 0.6285714285714284
257 0.6285714285714284
304 0.6285714285714284
239 0.6214285714285716
394 0.6214285714285716
408 0.6214285714285716
176 0.6214285714285713
216 0.6214285714285713
286 0.6214285714285713
404 0.6214285714285713
42 0.6142857142857144
88 0.6142857142857144
101 0.6142857142857144
36 0.6142857142857142
93 0.6142857142857142
247 0.6142857142857142
274 0.6142857142857142
301 0.6142857142857142
314 0.6142857142857142
340 0.6142857142857142
119 0.6142857142857141
151 0.6071428571428573
22 0.6071428571428571
87 0.6071428571428571
115 0.6071428571428571
162 0.6071428571428571
194 0.6071428571428571
235 0.6071428571428571
306 0.6071428571428571
386 0.6071428571428571
401 0.6071428571428571
417 0.6071428571428571
420 0.6071428571428571
364 0.607142857142857
21 0.6
26 0.6
43 0.6
54 0.6
97 0.6
158 0.6
170 0.6
218 0.6
275 0.6
322 0.6
326 0.6
355 0.6
365 0.6
409 0.6
421 0.6
205 0.5999999999999999
278 0.5999999999999999
362 0.5999999999999999
199 0.5928571428571429
294 0.5928571428571429
333 0.5928571428571429
347 0.5928571428571429
429 0.5928571428571429
12 0.5928571428571427
161 0.5928571428571427
184 0.5928571428571427
372 0.5928571428571427
20 0.5857142857142857
27 0.5857142857142857
82 0.5857142857142857
164 0.5857142857142857
188 0.5857142857142857
190 0.5857142857142857
227 0.5857142857142857
254 0.5857142857142857
284 0.5857142857142857
370 0.5857142857142857
387 0.5857142857142857
34 0.5857142857142856
38 0.5857142857142856
315 0.5857142857142856
413 0.5857142857142856
1 0.5785714285714286
81 0.5785714285714286
191 0.5785714285714286
213 0.5785714285714286
332 0.5785714285714286
338 0.5785714285714286
423 0.5785714285714286
25 0.5785714285714285
49 0.5785714285714285
71 0.5785714285714285
84 0.5785714285714285
85 0.5785714285714285
86 0.5785714285714285
141 0.5785714285714285
177 0.5785714285714285
223 0.5785714285714285
232 0.5785714285714285
255 0.5785714285714285
265 0.5785714285714285
269 0.5785714285714285
302 0.5785714285714285
309 0.5785714285714285
313 0.5785714285714285
328 0.5785714285714285
377 0.5785714285714285
414 0.5785714285714285
418 0.5785714285714285
131 0.5714285714285715
6 0.5714285714285714
28 0.5714285714285714
45 0.5714285714285714
67 0.5714285714285714
68 0.5714285714285714
94 0.5714285714285714
146 0.5714285714285714
187 0.5714285714285714
225 0.5714285714285714
241 0.5714285714285714
270 0.5714285714285714
292 0.5714285714285714
316 0.5714285714285714
373 0.5714285714285714
132 0.5642857142857144
72 0.5642857142857143
105 0.5642857142857143
122 0.5642857142857143
143 0.5642857142857143
147 0.5642857142857143
159 0.5642857142857143
178 0.5642857142857143
197 0.5642857142857143
220 0.5642857142857143
259 0.5642857142857143
260 0.5642857142857143
266 0.5642857142857143
279 0.5642857142857143
305 0.5642857142857143
310 0.5642857142857143
312 0.5642857142857143
317 0.5642857142857143
335 0.5642857142857143
375 0.5642857142857143
398 0.5642857142857143
55 0.5571428571428572
57 0.5571428571428572
91 0.5571428571428572
95 0.5571428571428572
103 0.5571428571428572
113 0.5571428571428572
137 0.5571428571428572
180 0.5571428571428572
195 0.5571428571428572
201 0.5571428571428572
206 0.5571428571428572
229 0.5571428571428572
230 0.5571428571428572
299 0.5571428571428572
331 0.5571428571428572
346 0.5571428571428572
371 0.5571428571428572
428 0.5571428571428572
120 0.557142857142857
117 0.55
198 0.55
280 0.55
358 0.55
361 0.55
379 0.55
411 0.55
58 0.5499999999999999
236 0.5499999999999999
405 0.5499999999999999
16 0.5428571428571429
52 0.5428571428571429
96 0.5428571428571429
311 0.5428571428571429
330 0.5428571428571429
24 0.5428571428571428
31 0.5428571428571428
51 0.5428571428571428
136 0.5428571428571428
173 0.5428571428571428
226 0.5428571428571428
325 0.5428571428571428
396 0.5428571428571428
7 0.5357142857142858
77 0.5357142857142858
107 0.5357142857142858
186 0.5357142857142858
208 0.5357142857142858
209 0.5357142857142858
319 0.5357142857142858
393 0.5357142857142858
416 0.5357142857142858
2 0.5357142857142857
47 0.5357142857142857
66 0.5357142857142857
118 0.5357142857142857
123 0.5357142857142857
189 0.5357142857142857
256 0.5357142857142857
267 0.5357142857142857
282 0.5357142857142857
327 0.5357142857142857
376 0.5357142857142857
392 0.5357142857142857
395 0.5357142857142857
397 0.5357142857142857
32 0.5285714285714286
48 0.5285714285714286
70 0.5285714285714286
112 0.5285714285714286
124 0.5285714285714286
128 0.5285714285714286
129 0.5285714285714286
140 0.5285714285714286
168 0.5285714285714286
175 0.5285714285714286
200 0.5285714285714286
219 0.5285714285714286
244 0.5285714285714286
251 0.5285714285714286
273 0.5285714285714286
297 0.5285714285714286
342 0.5285714285714286
356 0.5285714285714286
359 0.5285714285714286
368 0.5285714285714286
384 0.5285714285714286
388 0.5285714285714286
403 0.5285714285714286
303 0.5285714285714285
207 0.5214285714285716
11 0.5214285714285715
23 0.5214285714285715
29 0.5214285714285715
33 0.5214285714285715
37 0.5214285714285715
56 0.5214285714285715
61 0.5214285714285715
63 0.5214285714285715
80 0.5214285714285715
98 0.5214285714285715
110 0.5214285714285715
121 0.5214285714285715
155 0.5214285714285715
165 0.5214285714285715
179 0.5214285714285715
246 0.5214285714285715
263 0.5214285714285715
268 0.5214285714285715
271 0.5214285714285715
285 0.5214285714285715
289 0.5214285714285715
334 0.5214285714285715
357 0.5214285714285715
424 0.5214285714285715
60 0.5214285714285714
166 0.5214285714285714
307 0.5214285714285714
46 0.5142857142857143
59 0.5142857142857143
64 0.5142857142857143
69 0.5142857142857143
154 0.5142857142857143
163 0.5142857142857143
196 0.5142857142857143
295 0.5142857142857143
343 0.5142857142857143
367 0.5142857142857143
406 0.5142857142857143
407 0.5142857142857143
181 0.5142857142857142
261 0.5142857142857142
281 0.5142857142857142
287 0.5142857142857142
329 0.5142857142857142
337 0.5142857142857142
4 0.5071428571428572
109 0.5071428571428572
145 0.5071428571428572
211 0.5071428571428572
283 0.5071428571428572
288 0.5071428571428572
426 0.5071428571428572
5 0.5071428571428571
19 0.5071428571428571
169 0.5071428571428571
185 0.5071428571428571
221 0.5071428571428571
300 0.5071428571428571
126 0.5000000000000001
134 0.5000000000000001
13 0.5
83 0.5
174 0.5
222 0.5
258 0.5
290 0.5
383 0.5
402 0.5
133 0.4928571428571429
276 0.4928571428571429
412 0.4928571428571429
430 0.4928571428571429
217 0.4928571428571428
238 0.4928571428571428
341 0.4928571428571428
172 0.49285714285714277
73 0.48571428571428577
153 0.48571428571428577
167 0.48571428571428577
214 0.48571428571428577
233 0.48571428571428577
374 0.48571428571428577
76 0.4857142857142857
156 0.4857142857142857
336 0.4857142857142857
320 0.48571428571428565
116 0.47857142857142865
148 0.47857142857142865
293 0.47857142857142865
74 0.4785714285714286
135 0.4785714285714286
228 0.4785714285714286
249 0.4785714285714286
296 0.4785714285714286
339 0.4785714285714286
390 0.4785714285714286
318 0.47857142857142854
385 0.47857142857142854
410 0.47857142857142854
14 0.4714285714285715
253 0.4714285714285715
264 0.4714285714285715
15 0.4714285714285714
182 0.4714285714285714
323 0.4714285714285714
369 0.46428571428571436
183 0.4642857142857143
204 0.4642857142857143
237 0.4642857142857143
415 0.4642857142857143
89 0.46428571428571425
298 0.4571428571428572
378 0.4571428571428572
391 0.4571428571428572
150 0.45714285714285713
248 0.45714285714285713
345 0.45000000000000007
53 0.45
62 0.45
92 0.45
243 0.45
250 0.45
351 0.45
157 0.44285714285714295
106 0.4428571428571429
389 0.4428571428571429
114 0.4357142857142858
212 0.4357142857142858
30 0.43571428571428567
348 0.43571428571428567
127 0.4285714285714285
353 0.4142857142857143
366 0.4142857142857143
102 0.41428571428571426
142 0.4071428571428571
203 0.4071428571428571
104 0.4
431 0.37857142857142856
400 0.34285714285714286
