193 0.7500000000000001
234 0.7357142857142858
324 0.7285714285714285
245 0.7285714285714284
218 0.7214285714285715
277 0.7214285714285714
382 0.7214285714285714
160 0.7142857142857143
363 0.7142857142857143
17 0.7071428571428572
144 0.7071428571428572
306 0.7071428571428572
171 0.7071428571428571
119 0.7
272 0.6857142857142857
10 0.6785714285714286
291 0.6785714285714286
301 0.6785714285714286
329 0.6785714285714286
54 0.6714285714285715
216 0.6714285714285715
227 0.6714285714285715
235 0.6714285714285715
259 0.6714285714285715
279 0.6714285714285715
85 0.6642857142857144
111 0.6642857142857144
197 0.6642857142857144
380 0.6642857142857143
0 0.6571428571428573
78 0.6571428571428573
88 0.6571428571428573
247 0.6571428571428573
352 0.6571428571428573
8 0.6571428571428571
138 0.6571428571428571
164 0.6571428571428571
278 0.6571428571428571
314 0.6571428571428571
394 0.6571428571428571
94 0.6500000000000001
120 0.6500000000000001
191 0.6500000000000001
381 0.6500000000000001
3 0.65
386 0.65
28 0.6428571428571429
41 0.6428571428571429
242 0.6428571428571429
344 0.6428571428571429
401 0.6428571428571427
178 0.6357142857142858
199 0.6357142857142858
224 0.6357142857142858
404 0.6357142857142858
422 0.6357142857142858
65 0.6357142857142856
408 0.6357142857142856
18 0.6285714285714287
21 0.6285714285714287
84 0.6285714285714287
115 0.6285714285714287
132 0.6285714285714287
194 0.6285714285714287
271 0.6285714285714287
274 0.6285714285714287
292 0.6285714285714287
317 0.6285714285714287
6 0.6285714285714284
35 0.6285714285714284
67 0.6285714285714284
338 0.6285714285714284
399 0.6285714285714284
9 0.6214285714285716
148 0.6214285714285716
237 0.6214285714285716
254 0.6214285714285716
333 0.6214285714285716
398 0.6214285714285716
99 0.6214285714285713
213 0.6214285714285713
262 0.6214285714285713
332 0.6214285714285713
334 0.6214285714285713
360 0.6214285714285713
34 0.6142857142857144
79 0.6142857142857144
107 0.6142857142857144
158 0.6142857142857144
202 0.6142857142857144
215 0.6142857142857144
39 0.6142857142857142
209 0.6142857142857142
309 0.6142857142857142
372 0.6142857142857142
417 0.6142857142857142
29 0.6071428571428571
72 0.6071428571428571
96 0.6071428571428571
129 0.6071428571428571
161 0.6071428571428571
200 0.6071428571428571
330 0.6071428571428571
387 0.6071428571428571
40 0.6
76 0.6
95 0.6
97 0.6
100 0.6
122 0.6
125 0.6
130 0.6
174 0.6
176 0.6
177 0.6
257 0.6
289 0.6
299 0.6
315 0.6
325 0.6
350 0.6
370 0.6
407 0.6
413 0.6
421 0.6
275 0.5999999999999999
418 0.5999999999999999
42 0.5928571428571429
93 0.5928571428571429
108 0.5928571428571429
196 0.5928571428571429
239 0.5928571428571429
252 0.5928571428571429
294 0.5928571428571429
311 0.5928571428571429
364 0.5928571428571429
371 0.5928571428571429
374 0.5928571428571429
428 0.5928571428571429
36 0.5928571428571427
38 0.5928571428571427
101 0.5928571428571427
205 0.5928571428571427
231 0.5928571428571427
284 0.5928571428571427
304 0.5928571428571427
355 0.5928571428571427
32 0.5857142857142857
87 0.5857142857142857
151 0.5857142857142857
162 0.5857142857142857
184 0.5857142857142857
229 0.5857142857142857
260 0.5857142857142857
1 0.5857142857142856
90 0.5857142857142856
124 0.5857142857142856
170 0.5857142857142856
175 0.5857142857142856
182 0.5857142857142856
206 0.5857142857142856
241 0.5857142857142856
258 0.5857142857142856
337 0.5857142857142856
110 0.5785714285714286
168 0.5785714285714286
201 0.5785714285714286
302 0.5785714285714286
420 0.5785714285714286
43 0.5785714285714285
45 0.5785714285714285
136 0.5785714285714285
152 0.5785714285714285
156 0.5785714285714285
180 0.5785714285714285
192 0.5785714285714285
222 0.5785714285714285
230 0.5785714285714285
270 0.5785714285714285
308 0.5785714285714285
316 0.5785714285714285
340 0.5785714285714285
349 0.5785714285714285
429 0.5785714285714285
86 0.5714285714285715
145 0.5714285714285715
22 0.5714285714285714
31 0.5714285714285714
50 0.5714285714285714
82 0.5714285714285714
141 0.5714285714285714
154 0.5714285714285714
166 0.5714285714285714
172 0.5714285714285714
189 0.5714285714285714
207 0.5714285714285714
236 0.5714285714285714
240 0.5714285714285714
267 0.5714285714285714
276 0.5714285714285714
297 0.5714285714285714
354 0.5714285714285714
365 0.5714285714285714
373 0.5714285714285714
385 0.5714285714285714
414 0.5714285714285714
425 0.5714285714285714
56 0.5642857142857144
339 0.5642857142857144
7 0.5642857142857143
12 0.5642857142857143
68 0.5642857142857143
75 0.5642857142857143
105 0.5642857142857143
112 0.5642857142857143
117 0.5642857142857143
146 0.5642857142857143
188 0.5642857142857143
195 0.5642857142857143
223 0.5642857142857143
251 0.5642857142857143
255 0.5642857142857143
256 0.5642857142857143
263 0.5642857142857143
281 0.5642857142857143
343 0.5642857142857143
362 0.5642857142857143
390 0.5642857142857143
393 0.5642857142857143
423 0.5642857142857143
44 0.5571428571428572
63 0.5571428571428572
70 0.5571428571428572
131 0.5571428571428572
139 0.5571428571428572
186 0.5571428571428572
208 0.5571428571428572
232 0.5571428571428572
264 0.5571428571428572
282 0.5571428571428572
286 0.5571428571428572
331 0.5571428571428572
356 0.5571428571428572
392 0.5571428571428572
409 0.5571428571428572
416 0.5571428571428572
23 0.55
66 0.55
91 0.55
137 0.55
149 0.55
165 0.55
287 0.55
290 0.55
319 0.55
328 0.55
388 0.55
121 0.5499999999999999
126 0.5499999999999999
244 0.5499999999999999
346 0.5499999999999999
367 0.5499999999999999
396 0.5499999999999999
25 0.5428571428571429
46 0.5428571428571429
81 0.5428571428571429
163 0.5428571428571429
173 0.5428571428571429
187 0.5428571428571429
221 0.5428571428571429
225 0.5428571428571429
347 0.5428571428571429
358 0.5428571428571429
379 0.5428571428571429
384 0.5428571428571429
395 0.5428571428571429
20 0.5428571428571428
51 0.5428571428571428
123 0.5428571428571428
210 0.5428571428571428
253 0.5428571428571428
369 0.5428571428571428
376 0.5428571428571428
250 0.5357142857142858
11 0.5357142857142857
19 0.5357142857142857
37 0.5357142857142857
57 0.5357142857142857
77 0.5357142857142857
103 0.5357142857142857
238 0.5357142857142857
266 0.5357142857142857
280 0.5357142857142857
300 0.5357142857142857
322 0.5357142857142857
326 0.5357142857142857
342 0.5357142857142857
357 0.5357142857142857
361 0.5357142857142857
375 0.5357142857142857
403 0.5357142857142857
47 0.5285714285714286
60 0.5285714285714286
147 0.5285714285714286
198 0.5285714285714286
219 0.5285714285714286
228 0.5285714285714286
243 0.5285714285714286
261 0.5285714285714286
265 0.5285714285714286
305 0.5285714285714286
321 0.5285714285714286
406 0.5285714285714286
419 0.5285714285714286
424 0.5285714285714286
33 0.5214285714285715
53 0.5214285714285715
64 0.5214285714285715
89 0.5214285714285715
109 0.5214285714285715
143 0.5214285714285715
155 0.5214285714285715
157 0.5214285714285715
169 0.5214285714285715
179 0.5214285714285715
220 0.5214285714285715
273 0.5214285714285715
293 0.5214285714285715
426 0.5214285714285715
335 0.5214285714285714
5 0.5142857142857143
14 0.5142857142857143
15 0.5142857142857143
24 0.5142857142857143
74 0.5142857142857143
211 0.5142857142857143
283 0.5142857142857143
298 0.5142857142857143
307 0.5142857142857143
313 0.5142857142857143
327 0.5142857142857143
389 0.5142857142857143
52 0.5142857142857142
83 0.5142857142857142
359 0.5142857142857142
405 0.5142857142857142
427 0.5142857142857142
16 0.5071428571428572
71 0.5071428571428572
113 0.5071428571428572
318 0.5071428571428572
336 0.5071428571428572
341 0.5071428571428572
58 0.5071428571428571
285 0.5071428571428571
288 0.5071428571428571
377 0.5071428571428571
59 0.5000000000000001
69 0.5000000000000001
368 0.5000000000000001
397 0.5000000000000001
55 0.5
61 0.5
104 0.5
295 0.5
323 0.5
351 0.5
402 0.5
411 0.5
49 0.49285714285714294
159 0.49285714285714294
133 0.4928571428571429
150 0.4928571428571429
233 0.4928571428571429
391 0.4928571428571429
412 0.4928571428571429
167 0.4928571428571428
140 0.48571428571428577
310 0.48571428571428577
217 0.4857142857142857
246 0.4857142857142857
378 0.4857142857142857
203 0.48571428571428565
303 0.47857142857142865
26 0.4785714285714286
190 0.4785714285714286
269 0.47857142857142854
106 0.4714285714285715
128 0.4714285714285715
181 0.4714285714285715
212 0.4714285714285715
214 0.4714285714285715
268 0.4714285714285715
348 0.4714285714285715
27 0.4714285714285714
134 0.4714285714285714
142 0.4714285714285714
353 0.4714285714285714
383 0.4714285714285714
4 0.46428571428571436
345 0.46428571428571436
185 0.4642857142857143
226 0.4642857142857143
118 0.46428571428571425
30 0.45714285714285724
183 0.4571428571428572
320 0.4571428571428572
98 0.45714285714285713
62 0.45000000000000007
80 0.45
366 0.45
2 0.44285714285714295
153 0.4428571428571429
249 0.4428571428571429
415 0.4428571428571429
127 0.42857142857142855
248 0.42857142857142855
410 0.4285714285714285
13 0.42142857142857143
92 0.42142857142857143
116 0.42142857142857143
296 0.4214285714285714
135 0.4142857142857143
430 0.4142857142857143
431 0.4142857142857143
312 0.41428571428571426
102 0.4142857142857142
73 0.4071428571428571
48 0.38571428571428573
204 0.38571428571428573
114 0.3785714285714286
400 0.35
