119 0.7357142857142858
193 0.7285714285714286
138 0.7000000000000001
8 0.7
355 0.7
0 0.692857142857143
234 0.692857142857143
10 0.6928571428571428
78 0.6928571428571428
130 0.6928571428571428
191 0.6928571428571428
17 0.6857142857142857
231 0.6857142857142857
350 0.6857142857142857
380 0.6857142857142857
394 0.6857142857142857
291 0.6785714285714285
324 0.6785714285714285
354 0.6714285714285715
417 0.6714285714285715
88 0.6642857142857144
306 0.6642857142857144
160 0.6642857142857143
376 0.6642857142857143
215 0.6571428571428573
239 0.6571428571428573
363 0.6571428571428573
252 0.6571428571428571
425 0.6571428571428571
242 0.6500000000000001
38 0.65
93 0.65
111 0.65
164 0.65
277 0.65
408 0.65
382 0.6499999999999998
18 0.6428571428571429
202 0.6428571428571429
216 0.6428571428571429
274 0.6428571428571429
279 0.6428571428571429
304 0.6428571428571429
333 0.6428571428571429
393 0.6428571428571429
20 0.6357142857142858
41 0.6357142857142858
84 0.6357142857142858
120 0.6357142857142858
147 0.6357142857142858
227 0.6357142857142858
245 0.6357142857142858
321 0.6357142857142858
381 0.6357142857142858
399 0.6357142857142858
420 0.6357142857142858
344 0.6357142857142856
422 0.6357142857142856
108 0.6285714285714287
124 0.6285714285714287
163 0.6285714285714287
218 0.6285714285714287
257 0.6285714285714287
314 0.6285714285714287
67 0.6285714285714284
247 0.6285714285714284
196 0.6214285714285716
240 0.6214285714285716
326 0.6214285714285716
398 0.6214285714285716
424 0.6214285714285716
35 0.6214285714285713
44 0.6214285714285713
128 0.6214285714285713
176 0.6214285714285713
206 0.6214285714285713
224 0.6214285714285713
235 0.6214285714285713
255 0.6214285714285713
275 0.6214285714285713
301 0.6214285714285713
404 0.6214285714285713
260 0.6142857142857144
266 0.6142857142857144
6 0.6142857142857142
28 0.6142857142857142
34 0.6142857142857142
39 0.6142857142857142
63 0.6142857142857142
70 0.6142857142857142
151 0.6142857142857142
195 0.6142857142857142
254 0.6142857142857142
310 0.6142857142857142
368 0.6071428571428573
3 0.6071428571428571
7 0.6071428571428571
12 0.6071428571428571
42 0.6071428571428571
99 0.6071428571428571
141 0.6071428571428571
171 0.6071428571428571
178 0.6071428571428571
184 0.6071428571428571
236 0.6071428571428571
265 0.6071428571428571
284 0.6071428571428571
308 0.6071428571428571
315 0.6071428571428571
372 0.6071428571428571
401 0.6071428571428571
32 0.6
46 0.6
86 0.6
90 0.6
115 0.6
158 0.6
162 0.6
175 0.6
225 0.6
272 0.6
302 0.6
317 0.6
340 0.6
387 0.6
45 0.5999999999999999
65 0.5999999999999999
207 0.5999999999999999
278 0.5999999999999999
31 0.5928571428571429
33 0.5928571428571429
91 0.5928571428571429
94 0.5928571428571429
152 0.5928571428571429
170 0.5928571428571429
201 0.5928571428571429
259 0.5928571428571429
332 0.5928571428571429
334 0.5928571428571429
418 0.5928571428571429
85 0.5928571428571427
149 0.5928571428571427
174 0.5928571428571427
359 0.5928571428571427
419 0.5928571428571427
29 0.5857142857142857
49 0.5857142857142857
144 0.5857142857142857
270 0.5857142857142857
357 0.5857142857142857
392 0.5857142857142857
21 0.5857142857142856
47 0.5857142857142856
87 0.5857142857142856
103 0.5857142857142856
251 0.5857142857142856
267 0.5857142857142856
349 0.5857142857142856
172 0.5785714285714286
232 0.5785714285714286
386 0.5785714285714286
429 0.5785714285714286
43 0.5785714285714285
55 0.5785714285714285
100 0.5785714285714285
139 0.5785714285714285
229 0.5785714285714285
230 0.5785714285714285
262 0.5785714285714285
40 0.5714285714285715
1 0.5714285714285714
50 0.5714285714285714
54 0.5714285714285714
64 0.5714285714285714
68 0.5714285714285714
75 0.5714285714285714
107 0.5714285714285714
132 0.5714285714285714
140 0.5714285714285714
146 0.5714285714285714
179 0.5714285714285714
183 0.5714285714285714
187 0.5714285714285714
222 0.5714285714285714
258 0.5714285714285714
263 0.5714285714285714
282 0.5714285714285714
292 0.5714285714285714
294 0.5714285714285714
313 0.5714285714285714
338 0.5714285714285714
356 0.5714285714285714
397 0.5714285714285714
407 0.5714285714285714
423 0.5714285714285714
15 0.5642857142857143
36 0.5642857142857143
37 0.5642857142857143
79 0.5642857142857143
95 0.5642857142857143
96 0.5642857142857143
122 0.5642857142857143
186 0.5642857142857143
194 0.5642857142857143
197 0.5642857142857143
205 0.5642857142857143
219 0.5642857142857143
285 0.5642857142857143
290 0.5642857142857143
309 0.5642857142857143
364 0.5642857142857143
375 0.5642857142857143
416 0.5642857142857143
9 0.5571428571428572
69 0.5571428571428572
97 0.5571428571428572
125 0.5571428571428572
136 0.5571428571428572
159 0.5571428571428572
189 0.5571428571428572
209 0.5571428571428572
325 0.5571428571428572
330 0.5571428571428572
360 0.5571428571428572
388 0.5571428571428572
406 0.5571428571428572
421 0.5571428571428572
426 0.5571428571428572
427 0.5571428571428572
161 0.557142857142857
200 0.557142857142857
11 0.55
72 0.55
101 0.55
105 0.55
112 0.55
145 0.55
165 0.55
264 0.55
276 0.55
316 0.55
335 0.55
390 0.55
61 0.5499999999999999
213 0.5499999999999999
214 0.5499999999999999
297 0.5499999999999999
366 0.5499999999999999
5 0.5428571428571429
57 0.5428571428571429
117 0.5428571428571429
271 0.5428571428571429
320 0.5428571428571429
352 0.5428571428571429
371 0.5428571428571429
16 0.5428571428571428
19 0.5428571428571428
51 0.5428571428571428
59 0.5428571428571428
110 0.5428571428571428
133 0.5428571428571428
135 0.5428571428571428
167 0.5428571428571428
185 0.5428571428571428
223 0.5428571428571428
268 0.5428571428571428
283 0.5428571428571428
286 0.5428571428571428
347 0.5428571428571428
358 0.5428571428571428
362 0.5428571428571428
396 0.5428571428571428
412 0.5428571428571428
22 0.5357142857142858
287 0.5357142857142858
328 0.5357142857142858
331 0.5357142857142858
365 0.5357142857142858
76 0.5357142857142857
129 0.5357142857142857
157 0.5357142857142857
182 0.5357142857142857
198 0.5357142857142857
208 0.5357142857142857
280 0.5357142857142857
342 0.5357142857142857
343 0.5357142857142857
348 0.5357142857142857
377 0.5357142857142857
379 0.5357142857142857
409 0.5357142857142857
109 0.5285714285714287
190 0.5285714285714287
383 0.5285714285714287
30 0.5285714285714286
53 0.5285714285714286
60 0.5285714285714286
82 0.5285714285714286
131 0.5285714285714286
156 0.5285714285714286
181 0.5285714285714286
188 0.5285714285714286
199 0.5285714285714286
261 0.5285714285714286
299 0.5285714285714286
327 0.5285714285714286
329 0.5285714285714286
341 0.5285714285714286
378 0.5285714285714286
384 0.5285714285714286
66 0.5214285714285715
123 0.5214285714285715
166 0.5214285714285715
237 0.5214285714285715
238 0.5214285714285715
246 0.5214285714285715
337 0.5214285714285715
339 0.5214285714285715
345 0.5214285714285715
428 0.5214285714285715
253 0.5214285714285714
361 0.5214285714285714
25 0.5142857142857143
56 0.5142857142857143
74 0.5142857142857143
81 0.5142857142857143
154 0.5142857142857143
168 0.5142857142857143
169 0.5142857142857143
212 0.5142857142857143
241 0.5142857142857143
288 0.5142857142857143
295 0.5142857142857143
303 0.5142857142857143
373 0.5142857142857143
405 0.5142857142857143
414 0.5142857142857143
27 0.5142857142857142
48 0.5142857142857142
305 0.5142857142857142
346 0.5142857142857142
143 0.5071428571428572
374 0.5071428571428572
121 0.5071428571428571
148 0.5071428571428571
177 0.5071428571428571
210 0.5071428571428571
411 0.5071428571428571
415 0.5071428571428571
243 0.5000000000000001
13 0.5
23 0.5
24 0.5
71 0.5
102 0.5
155 0.5
173 0.5
217 0.5
318 0.5
336 0.5
367 0.5
395 0.5
142 0.49999999999999994
2 0.4928571428571429
26 0.4928571428571429
89 0.4928571428571429
104 0.4928571428571429
113 0.4928571428571429
114 0.4928571428571429
126 0.4928571428571429
137 0.4928571428571429
192 0.4928571428571429
250 0.4928571428571429
293 0.4928571428571429
369 0.4928571428571429
391 0.4928571428571429
83 0.4928571428571428
14 0.48571428571428577
77 0.48571428571428577
116 0.48571428571428577
153 0.48571428571428577
211 0.48571428571428577
233 0.48571428571428577
307 0.48571428571428577
62 0.4857142857142857
403 0.4857142857142857
226 0.47857142857142865
273 0.47857142857142865
413 0.47857142857142865
80 0.4785714285714286
127 0.4785714285714286
134 0.4785714285714286
220 0.4785714285714286
221 0.4785714285714286
248 0.4785714285714286
269 0.4785714285714286
385 0.4785714285714286
389 0.4785714285714286
52 0.47857142857142854
256 0.47857142857142854
370 0.47857142857142854
118 0.4714285714285715
180 0.4714285714285715
228 0.4714285714285715
319 0.4714285714285715
244 0.4714285714285714
311 0.4714285714285714
353 0.4642857142857143
289 0.46428571428571425
58 0.4571428571428572
73 0.4571428571428572
92 0.4571428571428572
203 0.4571428571428572
204 0.4571428571428572
249 0.4571428571428572
323 0.4571428571428572
281 0.4499999999999999
98 0.4428571428571429
300 0.4428571428571429
351 0.4428571428571429
296 0.4428571428571428
106 0.42857142857142866
150 0.42857142857142855
402 0.42857142857142855
4 0.42142857142857143
430 0.42142857142857143
322 0.4142857142857143
298 0.40714285714285714
312 0.39999999999999997
431 0.39999999999999997
410 0.3928571428571429
400 0.32857142857142857
