382 0.7928571428571428
18 0.7357142857142858
8 0.7357142857142857
78 0.7071428571428572
324 0.7071428571428572
160 0.6928571428571428
394 0.6928571428571428
191 0.6857142857142858
75 0.6857142857142857
381 0.6857142857142857
94 0.6785714285714286
252 0.6785714285714286
88 0.6785714285714285
119 0.6714285714285715
234 0.6714285714285715
17 0.6714285714285714
144 0.6714285714285714
338 0.6714285714285714
380 0.6714285714285714
125 0.6642857142857144
149 0.6642857142857144
227 0.6642857142857144
350 0.6642857142857143
399 0.6571428571428573
308 0.6571428571428571
355 0.6571428571428571
317 0.6571428571428569
100 0.65
124 0.65
216 0.65
272 0.65
291 0.65
86 0.642857142857143
108 0.6428571428571429
120 0.6428571428571429
158 0.6428571428571429
176 0.6428571428571429
363 0.6428571428571429
10 0.6357142857142858
79 0.6357142857142858
138 0.6357142857142858
147 0.6357142857142858
206 0.6357142857142858
239 0.6357142857142858
352 0.6357142857142858
404 0.6357142857142858
254 0.6357142857142856
1 0.6285714285714287
35 0.6285714285714287
44 0.6285714285714287
111 0.6285714285714287
179 0.6285714285714287
193 0.6285714285714287
229 0.6285714285714287
247 0.6285714285714287
372 0.6285714285714287
148 0.6285714285714284
279 0.6285714285714284
309 0.6285714285714284
0 0.6214285714285716
97 0.6214285714285716
198 0.6214285714285716
215 0.6214285714285716
277 0.6214285714285716
417 0.6214285714285716
260 0.6214285714285713
304 0.6214285714285713
362 0.6214285714285713
387 0.6214285714285713
401 0.6214285714285713
422 0.6214285714285713
96 0.6142857142857144
344 0.6142857142857144
356 0.6142857142857144
34 0.6142857142857142
50 0.6142857142857142
161 0.6142857142857142
168 0.6142857142857142
171 0.6142857142857142
231 0.6142857142857142
245 0.6142857142857142
301 0.6142857142857142
315 0.6142857142857142
408 0.6142857142857142
12 0.6071428571428571
37 0.6071428571428571
57 0.6071428571428571
131 0.6071428571428571
164 0.6071428571428571
175 0.6071428571428571
218 0.6071428571428571
224 0.6071428571428571
257 0.6071428571428571
265 0.6071428571428571
274 0.6071428571428571
321 0.6071428571428571
346 0.6071428571428571
370 0.6071428571428571
420 0.6071428571428571
3 0.6
45 0.6
70 0.6
145 0.6
213 0.6
225 0.6
299 0.6
306 0.6
332 0.6
359 0.6
376 0.6
95 0.5999999999999999
177 0.5999999999999999
6 0.5928571428571429
9 0.5928571428571429
27 0.5928571428571429
38 0.5928571428571429
41 0.5928571428571429
67 0.5928571428571429
130 0.5928571428571429
137 0.5928571428571429
178 0.5928571428571429
194 0.5928571428571429
200 0.5928571428571429
255 0.5928571428571429
290 0.5928571428571429
294 0.5928571428571429
334 0.5928571428571429
371 0.5928571428571429
425 0.5928571428571429
39 0.5928571428571427
93 0.5928571428571427
365 0.5928571428571427
20 0.5857142857142857
32 0.5857142857142857
84 0.5857142857142857
222 0.5857142857142857
287 0.5857142857142857
90 0.5857142857142856
170 0.5857142857142856
184 0.5857142857142856
310 0.5857142857142856
354 0.5857142857142856
418 0.5857142857142856
199 0.5785714285714286
261 0.5785714285714286
85 0.5785714285714285
103 0.5785714285714285
122 0.5785714285714285
174 0.5785714285714285
197 0.5785714285714285
242 0.5785714285714285
266 0.5785714285714285
313 0.5785714285714285
316 0.5785714285714285
360 0.5785714285714285
392 0.5785714285714285
421 0.5785714285714285
60 0.5714285714285714
65 0.5714285714285714
66 0.5714285714285714
101 0.5714285714285714
201 0.5714285714285714
202 0.5714285714285714
235 0.5714285714285714
271 0.5714285714285714
278 0.5714285714285714
297 0.5714285714285714
333 0.5714285714285714
423 0.5714285714285714
54 0.5642857142857144
283 0.5642857142857144
326 0.5642857142857144
59 0.5642857142857143
82 0.5642857142857143
87 0.5642857142857143
157 0.5642857142857143
210 0.5642857142857143
230 0.5642857142857143
361 0.5642857142857143
378 0.5642857142857143
409 0.5642857142857143
16 0.5571428571428572
43 0.5571428571428572
56 0.5571428571428572
72 0.5571428571428572
109 0.5571428571428572
117 0.5571428571428572
129 0.5571428571428572
139 0.5571428571428572
156 0.5571428571428572
207 0.5571428571428572
241 0.5571428571428572
275 0.5571428571428572
292 0.5571428571428572
343 0.5571428571428572
393 0.5571428571428572
396 0.5571428571428572
398 0.5571428571428572
403 0.5571428571428572
428 0.5571428571428572
115 0.557142857142857
208 0.557142857142857
23 0.55
29 0.55
42 0.55
104 0.55
107 0.55
113 0.55
140 0.55
159 0.55
180 0.55
183 0.55
188 0.55
196 0.55
223 0.55
236 0.55
251 0.55
253 0.55
256 0.55
285 0.55
305 0.55
319 0.55
357 0.55
386 0.55
407 0.55
5 0.5499999999999999
25 0.5499999999999999
36 0.5499999999999999
205 0.5499999999999999
286 0.5499999999999999
28 0.5428571428571429
91 0.5428571428571429
136 0.5428571428571429
141 0.5428571428571429
152 0.5428571428571429
162 0.5428571428571429
219 0.5428571428571429
240 0.5428571428571429
270 0.5428571428571429
276 0.5428571428571429
293 0.5428571428571429
341 0.5428571428571429
364 0.5428571428571429
395 0.5428571428571429
7 0.5428571428571428
68 0.5428571428571428
166 0.5428571428571428
267 0.5428571428571428
429 0.5428571428571428
263 0.5357142857142858
22 0.5357142857142857
49 0.5357142857142857
55 0.5357142857142857
81 0.5357142857142857
99 0.5357142857142857
143 0.5357142857142857
163 0.5357142857142857
192 0.5357142857142857
195 0.5357142857142857
221 0.5357142857142857
249 0.5357142857142857
259 0.5357142857142857
314 0.5357142857142857
325 0.5357142857142857
329 0.5357142857142857
342 0.5357142857142857
367 0.5357142857142857
374 0.5357142857142857
424 0.5357142857142857
21 0.5285714285714286
47 0.5285714285714286
64 0.5285714285714286
89 0.5285714285714286
110 0.5285714285714286
146 0.5285714285714286
151 0.5285714285714286
238 0.5285714285714286
412 0.5285714285714286
416 0.5285714285714286
373 0.5285714285714285
232 0.5214285714285716
19 0.5214285714285715
31 0.5214285714285715
71 0.5214285714285715
76 0.5214285714285715
77 0.5214285714285715
121 0.5214285714285715
165 0.5214285714285715
169 0.5214285714285715
185 0.5214285714285715
190 0.5214285714285715
209 0.5214285714285715
211 0.5214285714285715
311 0.5214285714285715
320 0.5214285714285715
331 0.5214285714285715
349 0.5214285714285715
366 0.5214285714285715
375 0.5214285714285715
388 0.5214285714285715
2 0.5142857142857143
11 0.5142857142857143
33 0.5142857142857143
150 0.5142857142857143
173 0.5142857142857143
187 0.5142857142857143
189 0.5142857142857143
203 0.5142857142857143
262 0.5142857142857143
303 0.5142857142857143
322 0.5142857142857143
358 0.5142857142857143
383 0.5142857142857143
397 0.5142857142857143
406 0.5142857142857143
414 0.5142857142857143
427 0.5142857142857143
172 0.5142857142857142
302 0.5142857142857142
73 0.5071428571428572
102 0.5071428571428572
167 0.5071428571428572
214 0.5071428571428572
300 0.5071428571428572
307 0.5071428571428572
328 0.5071428571428572
335 0.5071428571428572
112 0.5071428571428571
281 0.5071428571428571
282 0.5071428571428571
284 0.5071428571428571
340 0.5071428571428571
411 0.5071428571428571
69 0.5000000000000001
132 0.5000000000000001
246 0.5000000000000001
15 0.5
40 0.5
46 0.5
51 0.5
105 0.5
128 0.5
237 0.5
280 0.5
288 0.5
339 0.5
345 0.5
377 0.5
413 0.5
419 0.5
30 0.49285714285714294
368 0.49285714285714294
14 0.4928571428571429
53 0.4928571428571429
133 0.4928571428571429
233 0.4928571428571429
273 0.4928571428571429
337 0.4928571428571429
351 0.4928571428571429
384 0.4928571428571428
63 0.48571428571428577
114 0.48571428571428577
154 0.48571428571428577
296 0.48571428571428577
327 0.48571428571428577
389 0.48571428571428577
391 0.48571428571428577
155 0.4857142857142857
186 0.4857142857142857
243 0.4857142857142857
248 0.4857142857142857
258 0.4857142857142857
426 0.4857142857142857
217 0.47857142857142865
369 0.47857142857142865
52 0.4785714285714286
74 0.4785714285714286
126 0.4785714285714286
244 0.4785714285714286
269 0.4785714285714286
312 0.4785714285714286
347 0.47857142857142854
24 0.4714285714285715
58 0.4714285714285715
182 0.4642857142857143
228 0.4642857142857143
385 0.4642857142857143
330 0.46428571428571425
61 0.4571428571428572
92 0.4571428571428572
123 0.4571428571428572
212 0.4571428571428572
250 0.4571428571428572
268 0.4571428571428572
289 0.4571428571428572
323 0.4571428571428572
80 0.45714285714285713
390 0.45714285714285713
13 0.45000000000000007
106 0.45000000000000007
142 0.45000000000000007
264 0.45000000000000007
318 0.45000000000000007
348 0.45000000000000007
353 0.45000000000000007
415 0.45000000000000007
26 0.45
298 0.45
135 0.44285714285714295
48 0.4428571428571429
336 0.4428571428571429
431 0.4428571428571429
153 0.4428571428571428
134 0.42857142857142866
62 0.42857142857142855
204 0.42857142857142855
220 0.42857142857142855
295 0.42857142857142855
430 0.42857142857142855
379 0.4285714285714285
118 0.42142857142857143
402 0.42142857142857143
410 0.4214285714285714
4 0.41428571428571426
181 0.41428571428571426
226 0.40714285714285714
405 0.40714285714285714
116 0.39999999999999997
127 0.39999999999999997
400 0.39999999999999997
83 0.3928571428571429
98 0.38571428571428573
