78 0.7714285714285715
245 0.7285714285714285
363 0.7214285714285714
247 0.7214285714285713
306 0.7071428571428573
108 0.7071428571428572
234 0.7071428571428572
382 0.7071428571428572
279 0.7071428571428571
86 0.7
315 0.7
17 0.692857142857143
251 0.692857142857143
8 0.6928571428571428
380 0.6857142857142858
216 0.6857142857142857
324 0.6857142857142857
394 0.6857142857142857
35 0.6785714285714286
65 0.6785714285714286
85 0.6785714285714286
93 0.6785714285714286
160 0.6785714285714286
165 0.6785714285714286
193 0.6785714285714286
365 0.6785714285714286
252 0.6785714285714285
0 0.6714285714285715
82 0.6714285714285715
235 0.6714285714285715
401 0.6714285714285714
90 0.6642857142857144
119 0.6642857142857144
125 0.6642857142857144
344 0.6642857142857144
202 0.6642857142857143
355 0.6642857142857143
420 0.6642857142857143
22 0.6571428571428573
88 0.6571428571428573
84 0.6571428571428571
120 0.6571428571428571
124 0.6571428571428571
308 0.6571428571428571
1 0.6500000000000001
191 0.6500000000000001
341 0.6500000000000001
10 0.65
41 0.65
70 0.65
94 0.65
99 0.65
170 0.65
399 0.65
100 0.642857142857143
130 0.6428571428571429
218 0.6428571428571429
242 0.6428571428571429
317 0.6428571428571429
398 0.6428571428571429
272 0.6428571428571427
96 0.6357142857142859
12 0.6357142857142858
18 0.6357142857142858
79 0.6357142857142858
144 0.6357142857142858
151 0.6357142857142858
184 0.6357142857142858
291 0.6357142857142858
304 0.6357142857142858
254 0.6357142857142856
299 0.6357142857142856
24 0.6285714285714287
97 0.6285714285714287
164 0.6285714285714287
224 0.6285714285714287
238 0.6285714285714287
239 0.6285714285714287
274 0.6285714285714287
309 0.6285714285714287
314 0.6285714285714287
340 0.6285714285714287
422 0.6285714285714287
182 0.6285714285714284
199 0.6285714285714284
213 0.6214285714285716
215 0.6214285714285716
346 0.6214285714285716
350 0.6214285714285716
50 0.6214285714285713
87 0.6214285714285713
162 0.6214285714285713
176 0.6214285714285713
236 0.6214285714285713
260 0.6214285714285713
278 0.6214285714285713
294 0.6214285714285713
364 0.6214285714285713
416 0.6214285714285713
171 0.6142857142857144
388 0.6142857142857144
37 0.6142857142857142
60 0.6142857142857142
158 0.6142857142857142
161 0.6142857142857142
265 0.6142857142857142
381 0.6142857142857142
404 0.6142857142857142
425 0.6142857142857142
28 0.6071428571428571
55 0.6071428571428571
138 0.6071428571428571
209 0.6071428571428571
262 0.6071428571428571
276 0.6071428571428571
305 0.6071428571428571
334 0.6071428571428571
370 0.6071428571428571
372 0.6071428571428571
396 0.6071428571428571
418 0.6071428571428571
3 0.6
25 0.6
38 0.6
67 0.6
103 0.6
154 0.6
174 0.6
257 0.6
361 0.6
362 0.6
385 0.6
390 0.6
156 0.5999999999999999
177 0.5999999999999999
200 0.5999999999999999
225 0.5999999999999999
227 0.5999999999999999
75 0.5928571428571429
146 0.5928571428571429
196 0.5928571428571429
197 0.5928571428571429
366 0.5928571428571429
384 0.5928571428571429
43 0.5928571428571427
302 0.5928571428571427
337 0.5928571428571427
352 0.5928571428571427
409 0.5928571428571427
95 0.5857142857142857
149 0.5857142857142857
194 0.5857142857142857
208 0.5857142857142857
219 0.5857142857142857
333 0.5857142857142857
354 0.5857142857142857
386 0.5857142857142857
389 0.5857142857142857
9 0.5857142857142856
57 0.5857142857142856
71 0.5857142857142856
145 0.5857142857142856
195 0.5857142857142856
230 0.5857142857142856
231 0.5857142857142856
259 0.5857142857142856
277 0.5857142857142856
349 0.5857142857142856
423 0.5857142857142856
143 0.5785714285714286
375 0.5785714285714286
21 0.5785714285714285
23 0.5785714285714285
42 0.5785714285714285
101 0.5785714285714285
206 0.5785714285714285
229 0.5785714285714285
292 0.5785714285714285
301 0.5785714285714285
368 0.5785714285714285
376 0.5785714285714285
414 0.5785714285714285
26 0.5714285714285714
27 0.5714285714285714
33 0.5714285714285714
34 0.5714285714285714
40 0.5714285714285714
52 0.5714285714285714
56 0.5714285714285714
58 0.5714285714285714
91 0.5714285714285714
329 0.5714285714285714
395 0.5714285714285714
371 0.5642857142857144
32 0.5642857142857143
54 0.5642857142857143
117 0.5642857142857143
152 0.5642857142857143
175 0.5642857142857143
178 0.5642857142857143
179 0.5642857142857143
263 0.5642857142857143
313 0.5642857142857143
328 0.5642857142857143
358 0.5642857142857143
424 0.5642857142857143
20 0.5571428571428572
72 0.5571428571428572
77 0.5571428571428572
131 0.5571428571428572
132 0.5571428571428572
157 0.5571428571428572
186 0.5571428571428572
187 0.5571428571428572
237 0.5571428571428572
246 0.5571428571428572
374 0.5571428571428572
406 0.5571428571428572
417 0.5571428571428572
141 0.557142857142857
19 0.55
44 0.55
105 0.55
107 0.55
109 0.55
140 0.55
188 0.55
189 0.55
258 0.55
287 0.55
321 0.55
397 0.55
421 0.55
429 0.55
111 0.5499999999999999
147 0.5499999999999999
190 0.5499999999999999
207 0.5499999999999999
255 0.5499999999999999
343 0.5499999999999999
387 0.5499999999999999
408 0.5499999999999999
5 0.5428571428571429
30 0.5428571428571429
136 0.5428571428571429
168 0.5428571428571429
173 0.5428571428571429
311 0.5428571428571429
39 0.5428571428571428
45 0.5428571428571428
47 0.5428571428571428
66 0.5428571428571428
74 0.5428571428571428
129 0.5428571428571428
155 0.5428571428571428
210 0.5428571428571428
240 0.5428571428571428
281 0.5428571428571428
356 0.5428571428571428
392 0.5428571428571428
405 0.5428571428571428
407 0.5428571428571428
46 0.5357142857142858
121 0.5357142857142858
166 0.5357142857142858
232 0.5357142857142858
36 0.5357142857142857
68 0.5357142857142857
76 0.5357142857142857
102 0.5357142857142857
118 0.5357142857142857
139 0.5357142857142857
159 0.5357142857142857
203 0.5357142857142857
220 0.5357142857142857
222 0.5357142857142857
249 0.5357142857142857
253 0.5357142857142857
264 0.5357142857142857
275 0.5357142857142857
286 0.5357142857142857
310 0.5357142857142857
316 0.5357142857142857
427 0.5357142857142857
4 0.5285714285714286
53 0.5285714285714286
128 0.5285714285714286
205 0.5285714285714286
212 0.5285714285714286
223 0.5285714285714286
271 0.5285714285714286
285 0.5285714285714286
293 0.5285714285714286
295 0.5285714285714286
325 0.5285714285714286
342 0.5285714285714286
378 0.5285714285714286
393 0.5285714285714286
426 0.5285714285714286
7 0.5214285714285715
49 0.5214285714285715
69 0.5214285714285715
115 0.5214285714285715
167 0.5214285714285715
217 0.5214285714285715
241 0.5214285714285715
267 0.5214285714285715
283 0.5214285714285715
290 0.5214285714285715
345 0.5214285714285715
412 0.5214285714285715
261 0.5214285714285714
51 0.5142857142857143
64 0.5142857142857143
137 0.5142857142857143
172 0.5142857142857143
180 0.5142857142857143
244 0.5142857142857143
256 0.5142857142857143
297 0.5142857142857143
331 0.5142857142857143
332 0.5142857142857143
357 0.5142857142857143
367 0.5142857142857143
198 0.5142857142857142
228 0.5142857142857142
359 0.5142857142857142
13 0.5071428571428572
16 0.5071428571428572
135 0.5071428571428572
192 0.5071428571428572
327 0.5071428571428572
348 0.5071428571428572
373 0.5071428571428572
269 0.5071428571428571
312 0.5071428571428571
319 0.5071428571428571
15 0.5000000000000001
59 0.5000000000000001
133 0.5000000000000001
169 0.5000000000000001
201 0.5000000000000001
303 0.5000000000000001
29 0.5
63 0.5
221 0.5
266 0.5
270 0.5
419 0.49285714285714294
14 0.4928571428571429
163 0.4928571428571429
280 0.4928571428571429
323 0.4928571428571429
360 0.4928571428571429
377 0.4928571428571429
415 0.4928571428571429
428 0.4928571428571429
6 0.4928571428571428
81 0.4928571428571428
296 0.4928571428571428
31 0.48571428571428577
98 0.48571428571428577
110 0.48571428571428577
134 0.48571428571428577
233 0.48571428571428577
322 0.48571428571428577
326 0.48571428571428577
338 0.48571428571428577
353 0.48571428571428577
431 0.48571428571428577
183 0.4857142857142857
211 0.4857142857142857
320 0.4857142857142857
403 0.4857142857142857
92 0.47857142857142865
282 0.47857142857142865
11 0.4785714285714286
148 0.4785714285714286
273 0.4785714285714286
284 0.4785714285714286
289 0.4785714285714286
300 0.4785714285714286
351 0.4785714285714286
411 0.4785714285714286
347 0.47857142857142854
181 0.47142857142857153
116 0.4714285714285715
150 0.4714285714285715
153 0.4714285714285715
185 0.4714285714285715
339 0.4714285714285715
369 0.4714285714285715
89 0.4714285714285714
307 0.4714285714285714
413 0.4714285714285714
2 0.4642857142857143
73 0.4642857142857143
104 0.4642857142857143
113 0.4642857142857143
123 0.4642857142857143
126 0.4642857142857143
335 0.4642857142857143
383 0.4642857142857143
430 0.4642857142857143
48 0.4571428571428572
250 0.4571428571428572
330 0.4571428571428572
61 0.45714285714285713
127 0.45714285714285713
214 0.45714285714285713
379 0.45714285714285713
122 0.45000000000000007
106 0.45
204 0.4499999999999999
336 0.44285714285714295
112 0.4428571428571429
288 0.4428571428571429
80 0.4357142857142858
114 0.4357142857142858
391 0.43571428571428567
226 0.42857142857142855
402 0.42857142857142855
243 0.42142857142857143
318 0.42142857142857143
268 0.4142857142857143
62 0.41428571428571426
400 0.4
83 0.39999999999999997
248 0.39285714285714285
142 0.38571428571428573
298 0.3857142857142857
410 0.3642857142857143
