382 0.7357142857142858
324 0.7142857142857143
252 0.7071428571428571
0 0.7000000000000001
202 0.7000000000000001
234 0.7000000000000001
355 0.7000000000000001
363 0.7000000000000001
3 0.692857142857143
17 0.692857142857143
272 0.692857142857143
239 0.6928571428571428
279 0.6928571428571428
144 0.6857142857142857
317 0.6857142857142857
164 0.6785714285714286
215 0.6785714285714285
10 0.6714285714285715
160 0.6714285714285715
306 0.6714285714285715
247 0.6642857142857144
75 0.6571428571428573
90 0.6571428571428573
119 0.6571428571428573
364 0.6571428571428573
417 0.6571428571428573
96 0.6571428571428571
218 0.6571428571428571
227 0.6571428571428571
344 0.6571428571428571
398 0.6500000000000001
78 0.65
297 0.65
394 0.65
408 0.65
362 0.6499999999999998
132 0.642857142857143
399 0.642857142857143
8 0.6428571428571429
88 0.6428571428571429
193 0.6428571428571429
140 0.6428571428571427
404 0.6428571428571427
120 0.6357142857142858
195 0.6357142857142858
301 0.6357142857142858
350 0.6357142857142858
370 0.6357142857142858
372 0.6357142857142858
291 0.6357142857142856
422 0.6357142857142856
21 0.6285714285714287
23 0.6285714285714287
64 0.6285714285714287
108 0.6285714285714287
191 0.6285714285714287
216 0.6285714285714287
314 0.6285714285714287
161 0.6285714285714284
162 0.6285714285714284
308 0.6285714285714284
152 0.6214285714285716
224 0.6214285714285716
285 0.6214285714285716
332 0.6214285714285716
171 0.6214285714285713
261 0.6214285714285713
266 0.6214285714285713
286 0.6214285714285713
341 0.6214285714285713
396 0.6214285714285713
418 0.6214285714285713
84 0.6142857142857144
125 0.6142857142857144
6 0.6142857142857142
65 0.6142857142857142
94 0.6142857142857142
136 0.6142857142857142
158 0.6142857142857142
240 0.6142857142857142
260 0.6142857142857142
265 0.6142857142857142
267 0.6142857142857142
277 0.6142857142857142
340 0.6142857142857142
349 0.6142857142857142
367 0.6142857142857142
278 0.6071428571428573
12 0.6071428571428571
42 0.6071428571428571
76 0.6071428571428571
110 0.6071428571428571
206 0.6071428571428571
305 0.6071428571428571
356 0.6071428571428571
365 0.6071428571428571
381 0.6071428571428571
393 0.6071428571428571
429 0.6071428571428571
176 0.607142857142857
24 0.6
28 0.6
35 0.6
37 0.6
41 0.6
55 0.6
124 0.6
179 0.6
187 0.6
197 0.6
199 0.6
225 0.6
230 0.6
236 0.6
254 0.6
274 0.6
309 0.6
339 0.6
360 0.6
401 0.6
423 0.6
430 0.6
86 0.5999999999999999
146 0.5999999999999999
200 0.5999999999999999
271 0.5999999999999999
358 0.5999999999999999
18 0.5928571428571429
111 0.5928571428571429
178 0.5928571428571429
194 0.5928571428571429
242 0.5928571428571429
251 0.5928571428571429
333 0.5928571428571429
371 0.5928571428571429
377 0.5928571428571429
419 0.5928571428571429
420 0.5928571428571429
93 0.5928571428571427
138 0.5928571428571427
313 0.5928571428571427
329 0.5928571428571427
11 0.5857142857142857
100 0.5857142857142857
192 0.5857142857142857
259 0.5857142857142857
343 0.5857142857142857
1 0.5857142857142856
40 0.5857142857142856
67 0.5857142857142856
72 0.5857142857142856
87 0.5857142857142856
99 0.5857142857142856
186 0.5857142857142856
205 0.5857142857142856
222 0.5857142857142856
235 0.5857142857142856
276 0.5857142857142856
321 0.5857142857142856
34 0.5785714285714286
82 0.5785714285714286
91 0.5785714285714286
175 0.5785714285714286
346 0.5785714285714286
352 0.5785714285714286
26 0.5785714285714285
29 0.5785714285714285
39 0.5785714285714285
44 0.5785714285714285
45 0.5785714285714285
50 0.5785714285714285
54 0.5785714285714285
56 0.5785714285714285
149 0.5785714285714285
170 0.5785714285714285
244 0.5785714285714285
245 0.5785714285714285
255 0.5785714285714285
302 0.5785714285714285
319 0.5785714285714285
354 0.5785714285714285
357 0.5785714285714285
368 0.5785714285714285
380 0.5714285714285715
386 0.5714285714285715
49 0.5714285714285714
59 0.5714285714285714
128 0.5714285714285714
130 0.5714285714285714
145 0.5714285714285714
148 0.5714285714285714
188 0.5714285714285714
220 0.5714285714285714
283 0.5714285714285714
294 0.5714285714285714
299 0.5714285714285714
304 0.5714285714285714
310 0.5714285714285714
342 0.5714285714285714
95 0.5642857142857144
19 0.5642857142857143
38 0.5642857142857143
60 0.5642857142857143
85 0.5642857142857143
131 0.5642857142857143
137 0.5642857142857143
151 0.5642857142857143
196 0.5642857142857143
280 0.5642857142857143
316 0.5642857142857143
330 0.5642857142857143
392 0.5642857142857143
424 0.5642857142857143
425 0.5642857142857143
9 0.5571428571428572
25 0.5571428571428572
57 0.5571428571428572
101 0.5571428571428572
139 0.5571428571428572
143 0.5571428571428572
165 0.5571428571428572
182 0.5571428571428572
209 0.5571428571428572
223 0.5571428571428572
229 0.5571428571428572
257 0.5571428571428572
322 0.5571428571428572
326 0.5571428571428572
337 0.5571428571428572
373 0.5571428571428572
391 0.5571428571428572
395 0.5571428571428572
107 0.557142857142857
421 0.557142857142857
70 0.55
97 0.55
115 0.55
166 0.55
177 0.55
184 0.55
231 0.55
258 0.55
284 0.55
287 0.55
388 0.55
397 0.55
43 0.5499999999999999
68 0.5499999999999999
79 0.5499999999999999
159 0.5499999999999999
275 0.5499999999999999
369 0.5499999999999999
406 0.5499999999999999
5 0.5428571428571429
66 0.5428571428571429
109 0.5428571428571429
173 0.5428571428571429
185 0.5428571428571429
327 0.5428571428571429
103 0.5428571428571428
156 0.5428571428571428
157 0.5428571428571428
207 0.5428571428571428
269 0.5428571428571428
300 0.5428571428571428
411 0.5428571428571428
69 0.5357142857142858
167 0.5357142857142858
180 0.5357142857142858
345 0.5357142857142858
375 0.5357142857142858
376 0.5357142857142858
389 0.5357142857142858
14 0.5357142857142857
30 0.5357142857142857
141 0.5357142857142857
163 0.5357142857142857
198 0.5357142857142857
232 0.5357142857142857
262 0.5357142857142857
263 0.5357142857142857
292 0.5357142857142857
315 0.5357142857142857
384 0.5357142857142857
387 0.5357142857142857
233 0.5285714285714287
264 0.5285714285714287
16 0.5285714285714286
20 0.5285714285714286
27 0.5285714285714286
36 0.5285714285714286
46 0.5285714285714286
51 0.5285714285714286
63 0.5285714285714286
121 0.5285714285714286
155 0.5285714285714286
189 0.5285714285714286
201 0.5285714285714286
273 0.5285714285714286
289 0.5285714285714286
338 0.5285714285714286
407 0.5285714285714286
426 0.5285714285714286
428 0.5285714285714286
32 0.5214285714285715
52 0.5214285714285715
135 0.5214285714285715
183 0.5214285714285715
190 0.5214285714285715
213 0.5214285714285715
221 0.5214285714285715
238 0.5214285714285715
243 0.5214285714285715
318 0.5214285714285715
359 0.5214285714285715
409 0.5214285714285715
412 0.5214285714285715
334 0.5214285714285714
2 0.5142857142857143
22 0.5142857142857143
61 0.5142857142857143
62 0.5142857142857143
117 0.5142857142857143
147 0.5142857142857143
150 0.5142857142857143
168 0.5142857142857143
219 0.5142857142857143
241 0.5142857142857143
250 0.5142857142857143
290 0.5142857142857143
325 0.5142857142857143
361 0.5142857142857143
374 0.5142857142857143
390 0.5142857142857143
413 0.5142857142857143
427 0.5142857142857143
122 0.5142857142857142
142 0.5142857142857142
237 0.5142857142857142
126 0.5071428571428572
210 0.5071428571428572
268 0.5071428571428572
295 0.5071428571428572
385 0.5071428571428572
13 0.5071428571428571
92 0.5071428571428571
105 0.5071428571428571
129 0.5071428571428571
246 0.5071428571428571
270 0.5071428571428571
282 0.5071428571428571
328 0.5071428571428571
331 0.5071428571428571
366 0.5071428571428571
402 0.5071428571428571
47 0.5000000000000001
214 0.5000000000000001
347 0.5000000000000001
33 0.5
83 0.5
104 0.5
154 0.5
174 0.5
281 0.5
403 0.5
211 0.49285714285714294
7 0.4928571428571429
112 0.4928571428571429
133 0.4928571428571429
248 0.4928571428571429
303 0.4928571428571429
379 0.4928571428571429
405 0.4928571428571429
71 0.48571428571428577
172 0.48571428571428577
181 0.48571428571428577
203 0.48571428571428577
378 0.48571428571428577
416 0.48571428571428577
31 0.4857142857142857
80 0.4857142857142857
256 0.4857142857142857
414 0.4857142857142857
77 0.47857142857142865
253 0.47857142857142865
383 0.47857142857142865
217 0.4785714285714286
335 0.4785714285714286
98 0.47142857142857153
113 0.47142857142857153
208 0.47142857142857153
288 0.47142857142857153
204 0.4714285714285715
226 0.4714285714285715
298 0.4714285714285715
307 0.4714285714285715
311 0.4714285714285715
348 0.4714285714285715
53 0.4714285714285714
58 0.4714285714285714
293 0.4714285714285714
410 0.4714285714285714
415 0.4714285714285714
123 0.46428571428571436
169 0.4642857142857143
212 0.4642857142857143
323 0.4642857142857143
73 0.46428571428571425
102 0.45714285714285724
320 0.4571428571428572
127 0.45714285714285713
74 0.45000000000000007
81 0.45000000000000007
228 0.45000000000000007
118 0.45
134 0.45
336 0.45
400 0.44285714285714295
351 0.4428571428571429
353 0.4428571428571429
15 0.4428571428571428
312 0.4428571428571428
116 0.4357142857142858
4 0.43571428571428567
89 0.43571428571428567
106 0.42142857142857143
114 0.42142857142857143
296 0.41428571428571426
153 0.40714285714285714
48 0.39999999999999997
249 0.39999999999999997
431 0.3857142857142857
